codes <- list()
codes$CN <- 597:600
codes$CH <- 567:570
codes$LC <- 577:580
codes$MT <- 587:590
